marker_index	meth_count	unmeth_count
2	5	2
2	3	4
2	6	1
2	7	0
2	5	2
2	5	2
2	5	2
2	6	1
2	5	2
2	7	0
2	6	1
2	2	5
2	7	0
2	4	3
2	7	0
2	4	3
2	6	1
2	7	0
2	7	0
2	5	2
2	7	0
2	6	1
2	7	0
2	6	1
2	7	0
2	5	2
2	5	2
2	7	0
2	6	1
2	6	1
2	7	0
2	6	1
2	5	2
2	6	1
2	4	3
2	7	0
2	6	1
2	7	0
2	7	0
2	6	1
2	6	1
2	6	1
2	5	1
2	6	1
2	5	2
2	5	2
2	7	0
2	7	0
2	5	2
2	6	1
2	6	1
2	7	0
2	7	0
2	6	1
2	6	1
2	7	0
2	6	1
2	6	1
2	7	0
2	7	0
2	7	0
2	6	1
2	6	1
2	5	2
2	7	0
2	7	0
2	6	1
2	7	0
2	6	1
2	7	0
2	6	1
2	7	0
2	5	2
2	7	0
2	5	2
2	4	3
2	5	2
2	6	1
2	7	0
2	6	1
2	4	3
2	4	3
2	6	1
2	6	1
2	7	0
2	6	1
2	6	1
2	6	1
2	3	4
2	7	0
2	4	3
2	4	3
2	5	2
2	7	0
2	6	1
2	7	0
2	7	0
2	6	1
2	6	1
2	7	0
2	7	0
2	6	1
2	6	1
2	7	0
2	6	1
2	7	0
2	6	1
2	6	1
2	7	0
2	5	2
2	7	0
2	7	0
2	7	0
2	5	2
2	7	0
2	5	2
2	6	1
2	6	1
2	6	1
2	5	2
2	7	0
2	6	1
2	6	1
2	6	1
2	5	2
2	6	1
2	5	2
2	6	1
2	6	1
2	6	1
2	5	2
2	6	1
2	6	1
2	5	2
2	6	1
2	7	0
2	7	0
2	7	0
2	4	3
2	6	1
2	7	0
2	7	0
2	6	1
2	7	0
2	4	3
2	3	4
2	5	2
2	6	1
2	6	1
2	6	1
2	7	0
2	5	2
2	7	0
2	7	0
2	4	3
2	5	2
2	5	2
2	7	0
2	5	2
2	7	0
2	6	1
2	6	1
2	6	1
2	6	1
2	7	0
2	7	0
2	7	0
2	5	2
2	5	2
2	3	4
2	7	0
2	5	2
2	7	0
2	6	1
2	7	0
2	7	0
2	4	3
2	5	2
2	6	1
2	4	3
2	6	1
2	7	0
2	6	1
2	6	1
2	6	1
2	7	0
2	5	2
2	6	1
2	7	0
2	6	1
2	6	1
2	6	1
2	7	0
2	5	2
2	7	0
2	7	0
2	6	1
2	7	0
2	5	2
2	5	2
2	6	1
2	5	2
2	7	0
2	6	1
2	6	1
2	4	3
2	7	0
2	6	1
2	4	3
2	5	2
2	7	0
2	5	2
2	6	1
2	7	0
2	5	2
2	5	2
2	7	0
2	5	2
2	6	1
2	5	2
2	6	1
2	7	0
2	6	1
2	7	0
2	7	0
2	5	2
2	7	0
2	5	2
2	5	2
2	6	1
2	6	1
2	6	1
2	6	1
2	7	0
2	7	0
2	5	2
2	6	1
2	7	0
2	6	1
2	7	0
2	5	2
2	6	1
2	7	0
2	5	2
2	7	0
2	6	1
2	3	4
2	6	1
2	7	0
2	7	0
2	7	0
2	4	3
2	6	1
2	7	0
2	6	1
2	7	0
2	6	1
2	7	0
2	7	0
2	7	0
2	4	3
2	7	0
2	5	2
2	5	2
2	6	1
2	7	0
2	7	0
2	7	0
2	7	0
2	5	2
2	7	0
2	7	0
2	6	1
2	7	0
2	7	0
2	6	1
2	7	0
2	7	0
2	7	0
2	5	2
2	7	0
2	6	1
2	5	2
2	6	1
2	7	0
2	7	0
2	7	0
2	6	1
2	5	2
2	6	1
2	6	1
2	7	0
2	7	0
2	5	2
2	5	2
2	7	0
2	6	1
2	6	1
2	5	2
2	5	2
2	7	0
2	5	2
2	7	0
2	7	0
2	2	5
2	7	0
2	6	1
2	7	0
2	6	1
2	7	0
2	6	1
2	6	1
2	5	2
2	7	0
2	7	0
2	5	2
2	7	0
2	6	1
2	6	1
2	7	0
2	3	4
2	4	3
2	7	0
2	7	0
2	7	0
2	7	0
2	5	2
2	5	2
2	5	2
2	6	1
2	6	1
2	6	1
2	7	0
2	4	3
2	7	0
2	7	0
2	6	1
2	7	0
2	4	3
2	7	0
2	2	5
2	7	0
2	7	0
2	5	1
2	5	2
2	7	0
2	6	1
2	7	0
2	4	3
2	7	0
2	5	2
2	7	0
2	6	1
2	7	0
2	6	1
2	7	0
2	5	2
2	7	0
2	7	0
2	7	0
2	6	1
2	7	0
2	5	2
2	6	1
2	5	2
2	7	0
2	7	0
2	6	1
2	7	0
2	7	0
2	7	0
2	6	1
2	5	2
2	7	0
2	6	1
2	5	2
2	7	0
2	7	0
2	7	0
2	7	0
2	7	0
2	7	0
2	5	2
2	6	1
2	7	0
2	6	1
2	4	3
2	4	3
2	7	0
2	6	1
2	5	2
2	7	0
2	6	1
2	6	1
2	6	1
2	7	0
2	7	0
2	6	1
2	6	1
2	3	4
2	6	1
2	7	0
2	7	0
2	7	0
2	6	1
2	6	1
2	7	0
2	6	1
2	7	0
2	6	1
2	6	1
2	5	2
2	6	1
2	6	1
2	6	1
2	7	0
2	7	0
2	6	1
2	7	0
2	6	1
2	7	0
2	5	2
2	7	0
2	6	1
2	5	2
2	5	2
2	4	3
2	5	2
27	8	1
27	3	5
27	7	1
27	3	5
27	4	4
27	7	1
27	4	4
27	7	1
27	5	3
27	7	1
27	7	1
27	7	1
27	6	2
27	5	3
27	7	1
27	6	2
27	7	1
27	6	2
27	7	1
27	6	2
27	6	2
27	6	2
27	8	0
27	7	1
61	11	1
61	12	0
61	11	1
61	12	0
61	11	1
61	11	1
61	12	0
61	12	0
61	9	2
61	10	2
61	11	1
61	12	0
61	11	1
61	12	0
63	5	0
63	3	2
63	5	0
63	5	0
63	4	1
63	5	0
63	5	0
63	4	1
63	5	0
63	5	0
63	5	0
63	5	0
63	5	0
63	4	1
63	5	0
75	12	0
75	12	2
75	14	0
75	14	0
75	14	0
75	13	1
75	13	1
75	13	1
75	14	0
75	13	0
75	14	0
75	12	2
75	11	3
75	13	1
75	13	0
75	13	1
75	13	1
75	14	0
75	13	1
75	14	0
75	14	0
75	14	0
84	9	2
84	11	0
84	11	0
84	11	0
84	11	0
84	11	0
84	9	0
84	10	1
84	11	0
84	11	0
84	11	0
84	10	1
84	11	0
84	10	1
84	11	0
84	11	0
84	10	1
84	10	1
84	10	1
88	5	0
88	5	0
88	5	0
88	5	0
88	5	0
88	5	0
88	5	0
88	4	1
88	5	0
88	4	1
88	3	2
88	5	0
88	5	0
88	4	1
88	5	0
88	5	0
88	5	0
88	5	0
88	5	0
88	4	1
88	4	1
88	4	1
88	5	0
88	4	1
88	5	0
88	5	0
88	5	0
88	5	0
88	5	0
88	5	0
88	5	0
88	5	0
88	5	0
88	5	0
88	4	1
88	5	0
88	5	0
88	5	0
88	5	0
88	4	1
88	5	0
88	5	0
88	5	0
88	5	0
88	5	0
88	5	0
88	5	0
88	4	1
88	4	1
88	3	2
88	5	0
88	4	1
88	5	0
88	4	1
88	3	2
88	4	1
88	5	0
88	5	0
88	5	0
88	5	0
88	5	0
88	5	0
88	5	0
88	5	0
88	5	0
88	5	0
88	5	0
88	5	0
88	5	0
88	5	0
88	4	1
88	5	0
88	5	0
88	5	0
88	5	0
88	5	0
88	5	0
88	5	0
88	5	0
88	5	0
88	5	0
88	5	0
88	5	0
88	4	1
88	4	1
88	5	0
88	5	0
88	4	1
88	5	0
88	4	1
88	5	0
88	4	1
88	4	1
88	5	0
88	5	0
88	5	0
88	5	0
88	5	0
88	5	0
88	5	0
88	3	2
88	5	0
88	5	0
88	5	0
88	5	0
88	4	1
88	5	0
88	4	1
88	5	0
88	5	0
88	5	0
88	3	2
88	5	0
88	5	0
88	5	0
88	5	0
88	5	0
88	5	0
88	5	0
88	5	0
88	4	1
88	5	0
97	4	0
97	4	0
97	4	0
97	3	1
97	4	0
97	4	0
97	4	0
97	4	0
97	4	0
97	3	1
97	4	0
97	4	0
97	4	0
97	4	0
97	4	0
97	4	0
97	4	0
97	4	0
97	3	1
97	4	0
97	2	2
97	4	0
97	4	0
97	4	0
97	4	0
97	4	0
97	3	1
97	3	1
97	4	0
97	3	1
97	4	0
97	3	1
97	4	0
97	4	0
97	4	0
97	4	0
97	4	0
97	4	0
97	3	1
97	4	0
97	4	0
97	4	0
97	4	0
97	3	1
97	4	0
97	4	0
97	3	1
97	4	0
97	4	0
97	3	1
97	4	0
97	3	1
97	4	0
97	3	1
97	4	0
97	4	0
97	4	0
97	3	1
97	3	0
97	2	2
97	4	0
97	4	0
97	4	0
97	3	1
97	3	1
97	4	0
97	4	0
97	4	0
97	3	1
97	4	0
97	4	0
97	4	0
97	4	0
97	4	0
97	4	0
97	4	0
97	3	1
97	4	0
97	4	0
97	4	0
97	4	0
97	4	0
97	3	1
97	3	1
97	4	0
97	4	0
97	3	1
97	4	0
97	3	1
97	3	1
97	4	0
97	3	1
97	2	2
97	4	0
97	4	0
97	4	0
97	4	0
97	4	0
97	4	0
97	4	0
97	3	1
97	4	0
97	3	1
97	4	0
97	4	0
97	4	0
97	4	0
97	4	0
97	4	0
97	3	1
97	3	1
97	3	1
97	4	0
97	4	0
97	4	0
97	4	0
97	4	0
97	4	0
97	4	0
97	4	0
97	4	0
97	3	1
97	1	3
97	4	0
97	3	1
97	4	0
97	4	0
97	4	0
97	4	0
97	4	0
97	4	0
97	4	0
97	3	1
97	4	0
97	3	1
97	4	0
97	3	1
97	3	1
97	3	1
97	4	0
97	3	1
97	3	1
97	3	1
97	3	1
97	4	0
97	4	0
97	4	0
97	4	0
97	4	0
97	4	0
97	4	0
97	3	1
97	4	0
97	3	1
97	4	0
97	4	0
97	3	1
97	4	0
97	4	0
97	3	1
97	4	0
97	3	1
97	4	0
97	4	0
97	4	0
97	3	1
97	4	0
97	3	1
97	2	2
97	4	0
97	2	2
97	4	0
97	1	3
97	2	2
97	4	0
97	4	0
97	3	1
97	4	0
97	4	0
97	4	0
97	2	2
97	3	1
97	3	1
97	4	0
97	2	2
97	4	0
97	3	1
97	4	0
97	4	0
97	3	1
97	4	0
97	4	0
97	4	0
97	4	0
97	4	0
97	4	0
97	4	0
97	4	0
97	4	0
97	3	1
97	4	0
97	3	1
97	4	0
97	4	0
97	3	1
97	4	0
97	4	0
97	3	1
97	3	1
97	4	0
97	4	0
97	4	0
97	3	1
97	3	1
97	4	0
97	3	1
97	4	0
97	3	1
97	3	1
97	4	0
97	3	1
97	3	1
97	2	2
97	4	0
97	3	1
97	4	0
97	4	0
97	3	1
97	4	0
97	4	0
97	3	1
97	4	0
97	3	1
97	4	0
97	4	0
97	3	1
97	4	0
97	4	0
97	4	0
97	4	0
97	4	0
97	4	0
108	6	0
108	6	0
108	6	0
108	6	0
108	6	0
108	6	0
108	6	0
108	6	0
108	5	1
108	6	0
108	5	1
108	6	0
108	6	0
108	6	0
108	6	0
108	6	0
108	6	0
108	6	0
108	6	0
108	6	0
108	6	0
108	6	0
108	6	0
108	5	1
108	6	0
108	6	0
108	6	0
108	6	0
108	5	1
108	6	0
216	10	1
216	10	1
216	11	0
216	11	0
216	9	2
216	10	1
216	9	2
216	10	1
216	10	1
216	11	0
216	9	2
216	10	1
216	9	2
216	11	0
216	10	1
216	10	1
216	10	1
216	9	2
216	10	1
216	10	1
216	11	0
216	10	1
216	10	1
216	11	0
216	11	0
216	11	0
