markerName	methState
2	1111100
2	0100110
2	0111111
2	1111111
2	0011111
2	1001111
2	1010111
2	1111101
2	1110110
2	1111111
2	1101111
2	0000110
2	1111111
2	0101110
2	1111111
2	1100101
2	1111011
2	1111111
2	1111111
2	0111101
2	1111111
2	1011111
2	1111111
2	0111111
2	1111111
2	0111011
2	1110011
2	1111111
2	1011111
2	1110111
2	1111111
2	1101111
2	0110111
2	1111110
2	0011101
2	1111111
2	1111011
2	1111111
2	1111111
2	1101111
2	1101111
2	1111101
2	101111
2	1011111
2	1110101
2	0011111
2	1111111
2	1111111
2	1111100
2	1111110
2	1110111
2	1111111
2	1111111
2	1111110
2	1101111
2	1111111
2	1111011
2	1111101
2	1111111
2	1111111
2	1111111
2	1110111
2	1101111
2	0111110
2	1111111
2	1111111
2	1111110
2	1111111
2	1111110
2	1111111
2	1110111
2	1111111
2	0101111
2	1111111
2	1110011
2	1110010
2	0111110
2	1011111
2	1111111
2	1111110
2	1110010
2	0011011
2	1111101
2	1111101
2	1111111
2	1011111
2	1111101
2	1011111
2	1000011
2	1111111
2	0011011
2	1010011
2	1011011
2	1111111
2	1110111
2	1111111
2	1111111
2	1101111
2	1011111
2	1111111
2	1111111
2	1110111
2	1011111
2	1111111
2	1110111
2	1111111
2	1011111
2	1110111
2	1111111
2	0111101
2	1111111
2	1111111
2	1111111
2	0111011
2	1111111
2	1001111
2	1011111
2	1111110
2	1111101
2	1101011
2	1111111
2	1111011
2	0111111
2	0111111
2	0111101
2	1111110
2	1011011
2	1111011
2	1111011
2	1111011
2	1110110
2	1111110
2	1111110
2	1110101
2	1111011
2	1111111
2	1111111
2	1111111
2	1101100
2	1111110
2	1111111
2	1111111
2	1111011
2	1111111
2	0110101
2	0110010
2	1110110
2	1110111
2	1111101
2	0111111
2	1111111
2	0111011
2	1111111
2	1111111
2	1011010
2	0101111
2	0011111
2	1111111
2	1110110
2	1111111
2	1011111
2	1101111
2	1111011
2	1111011
2	1111111
2	1111111
2	1111111
2	1100111
2	0011111
2	0010110
2	1111111
2	0101111
2	1111111
2	1110111
2	1111111
2	1111111
2	0111100
2	0101111
2	1111110
2	0100111
2	1011111
2	1111111
2	0111111
2	1110111
2	1011111
2	1111111
2	0101111
2	1110111
2	1111111
2	0111111
2	0111111
2	1111110
2	1111111
2	1100111
2	1111111
2	1111111
2	1111101
2	1111111
2	1101101
2	1111100
2	1111110
2	0111110
2	1111111
2	1011111
2	1111011
2	1011010
2	1111111
2	1111110
2	1100110
2	1111100
2	1111111
2	0101111
2	1111101
2	1111111
2	1101011
2	1011110
2	1111111
2	1101110
2	1111011
2	1110101
2	1111101
2	1111111
2	1111101
2	1111111
2	1111111
2	1111010
2	1111111
2	0110111
2	1011101
2	1101111
2	1111110
2	1111101
2	0111111
2	1111111
2	1111111
2	1010111
2	1110111
2	1111111
2	1111011
2	1111111
2	1111010
2	1111110
2	1111111
2	1011011
2	1111111
2	1111101
2	0100101
2	1111110
2	1111111
2	1111111
2	1111111
2	1101100
2	1110111
2	1111111
2	1111110
2	1111111
2	1111110
2	1111111
2	1111111
2	1111111
2	0011011
2	1111111
2	1101101
2	0111011
2	1111110
2	1111111
2	1111111
2	1111111
2	1111111
2	1101011
2	1111111
2	1111111
2	1110111
2	1111111
2	1111111
2	1111011
2	1111111
2	1111111
2	1111111
2	1101011
2	1111111
2	1111110
2	0111101
2	1011111
2	1111111
2	1111111
2	1111111
2	1111110
2	0111101
2	1111101
2	1101111
2	1111111
2	1111111
2	0111011
2	0111110
2	1111111
2	1111110
2	1101111
2	1111001
2	1101101
2	1111111
2	0101111
2	1111111
2	1111111
2	1000100
2	1111111
2	1111101
2	1111111
2	0111111
2	1111111
2	1111011
2	1011111
2	1011011
2	1111111
2	1111111
2	1001111
2	1111111
2	1101111
2	1111101
2	1111111
2	1000101
2	0101110
2	1111111
2	1111111
2	1111111
2	1111111
2	0110111
2	1101011
2	0111101
2	1110111
2	1111101
2	1011111
2	1111111
2	0111001
2	1111111
2	1111111
2	1111101
2	1111111
2	1001011
2	1111111
2	1001000
2	1111111
2	1111111
2	111101
2	1110101
2	1111111
2	1110111
2	1111111
2	0001111
2	1111111
2	1111100
2	1111111
2	1111011
2	1111111
2	0111111
2	1111111
2	1101110
2	1111111
2	1111111
2	1111111
2	1111110
2	1111111
2	0011111
2	1111011
2	1110110
2	1111111
2	1111111
2	0111111
2	1111111
2	1111111
2	1111111
2	1110111
2	1111001
2	1111111
2	1101111
2	1011011
2	1111111
2	1111111
2	1111111
2	1111111
2	1111111
2	1111111
2	1101011
2	1111110
2	1111111
2	1111110
2	1000111
2	1111000
2	1111111
2	1110111
2	0101111
2	1111111
2	1111101
2	1011111
2	0111111
2	1111111
2	1111111
2	1111110
2	0111111
2	0100011
2	1101111
2	1111111
2	1111111
2	1111111
2	0111111
2	1111011
2	1111111
2	0111111
2	1111111
2	1111011
2	0111111
2	1110101
2	1101111
2	1101111
2	1111110
2	1111111
2	1111111
2	1011111
2	1111111
2	1111011
2	1111111
2	1100111
2	1111111
2	0111111
2	0101111
2	1101011
2	1101010
2	1100111
27	111111110
27	00001110
27	11111011
27	00100101
27	11110000
27	11111101
27	11001100
27	11111101
27	00111101
27	11110111
27	11101111
27	11111101
27	10110111
27	01101110
27	11111110
27	11110110
27	11111011
27	11101011
27	10111111
27	11101101
27	11100111
27	10101111
27	11111111
27	11111011
61	111111011111
61	111111111111
61	111111111110
61	111111111111
61	101111111111
61	011111111111
61	111111111111
61	111111111111
61	11011111101
61	111110110111
61	101111111111
61	111111111111
61	111110111111
61	111111111111
63	11111
63	00111
63	11111
63	11111
63	11101
63	11111
63	11111
63	11011
63	11111
63	11111
63	11111
63	11111
63	11111
63	10111
63	11111
75	111111111111
75	01111111101111
75	11111111111111
75	11111111111111
75	11111111111111
75	11111101111111
75	11111111011111
75	11111111101111
75	11111111111111
75	1111111111111
75	11111111111111
75	01111111111110
75	10101111111110
75	11111101111111
75	1111111111111
75	11111111111110
75	11111111110111
75	11111111111111
75	11111111111011
75	11111111111111
75	11111111111111
75	11111111111111
84	00111111111
84	11111111111
84	11111111111
84	11111111111
84	11111111111
84	11111111111
84	111111111
84	01111111111
84	11111111111
84	11111111111
84	11111111111
84	11111111011
84	11111111111
84	11111111110
84	11111111111
84	11111111111
84	11111111101
84	11111110111
84	11011111111
88	11111
88	11111
88	11111
88	11111
88	11111
88	11111
88	11111
88	11011
88	11111
88	11110
88	01101
88	11111
88	11111
88	10111
88	11111
88	11111
88	11111
88	11111
88	11111
88	11110
88	11110
88	11110
88	11111
88	10111
88	11111
88	11111
88	11111
88	11111
88	11111
88	11111
88	11111
88	11111
88	11111
88	11111
88	01111
88	11111
88	11111
88	11111
88	11111
88	11011
88	11111
88	11111
88	11111
88	11111
88	11111
88	11111
88	11111
88	10111
88	01111
88	10101
88	11111
88	11011
88	11111
88	10111
88	01011
88	11011
88	11111
88	11111
88	11111
88	11111
88	11111
88	11111
88	11111
88	11111
88	11111
88	11111
88	11111
88	11111
88	11111
88	11111
88	10111
88	11111
88	11111
88	11111
88	11111
88	11111
88	11111
88	11111
88	11111
88	11111
88	11111
88	11111
88	11111
88	10111
88	11101
88	11111
88	11111
88	01111
88	11111
88	11110
88	11111
88	11101
88	01111
88	11111
88	11111
88	11111
88	11111
88	11111
88	11111
88	11111
88	01101
88	11111
88	11111
88	11111
88	11111
88	01111
88	11111
88	11101
88	11111
88	11111
88	11111
88	10101
88	11111
88	11111
88	11111
88	11111
88	11111
88	11111
88	11111
88	11111
88	11101
88	11111
97	1111
97	1111
97	1111
97	0111
97	1111
97	1111
97	1111
97	1111
97	1111
97	1011
97	1111
97	1111
97	1111
97	1111
97	1111
97	1111
97	1111
97	1111
97	0111
97	1111
97	1010
97	1111
97	1111
97	1111
97	1111
97	1111
97	1101
97	1101
97	1111
97	0111
97	1111
97	1101
97	1111
97	1111
97	1111
97	1111
97	1111
97	1111
97	1011
97	1111
97	1111
97	1111
97	1111
97	1011
97	1111
97	1111
97	1110
97	1111
97	1111
97	1101
97	1111
97	1110
97	1111
97	1110
97	1111
97	1111
97	1111
97	1110
97	111
97	1010
97	1111
97	1111
97	1111
97	1101
97	1101
97	1111
97	1111
97	1111
97	0111
97	1111
97	1111
97	1111
97	1111
97	1111
97	1111
97	1111
97	1110
97	1111
97	1111
97	1111
97	1111
97	1111
97	0111
97	1011
97	1111
97	1111
97	1110
97	1111
97	0111
97	1110
97	1111
97	1011
97	0110
97	1111
97	1111
97	1111
97	1111
97	1111
97	1111
97	1111
97	0111
97	1111
97	1011
97	1111
97	1111
97	1111
97	1111
97	1111
97	1111
97	1011
97	1011
97	1011
97	1111
97	1111
97	1111
97	1111
97	1111
97	1111
97	1111
97	1111
97	1111
97	1101
97	0010
97	1111
97	1011
97	1111
97	1111
97	1111
97	1111
97	1111
97	1111
97	1111
97	1110
97	1111
97	0111
97	1111
97	1110
97	1110
97	0111
97	1111
97	1110
97	1101
97	0111
97	1101
97	1111
97	1111
97	1111
97	1111
97	1111
97	1111
97	1111
97	1110
97	1111
97	0111
97	1111
97	1111
97	0111
97	1111
97	1111
97	1101
97	1111
97	1110
97	1111
97	1111
97	1111
97	1101
97	1111
97	1101
97	1001
97	1111
97	0110
97	1111
97	0010
97	0011
97	1111
97	1111
97	1101
97	1111
97	1111
97	1111
97	1010
97	1110
97	1011
97	1111
97	0011
97	1111
97	1011
97	1111
97	1111
97	1011
97	1111
97	1111
97	1111
97	1111
97	1111
97	1111
97	1111
97	1111
97	1111
97	1101
97	1111
97	1011
97	1111
97	1111
97	1110
97	1111
97	1111
97	1110
97	1110
97	1111
97	1111
97	1111
97	0111
97	1011
97	1111
97	1011
97	1111
97	1101
97	1110
97	1111
97	1011
97	1101
97	1100
97	1111
97	1110
97	1111
97	1111
97	1011
97	1111
97	1111
97	1101
97	1111
97	0111
97	1111
97	1111
97	1101
97	1111
97	1111
97	1111
97	1111
97	1111
97	1111
108	111111
108	111111
108	111111
108	111111
108	111111
108	111111
108	111111
108	111111
108	111011
108	111111
108	110111
108	111111
108	111111
108	111111
108	111111
108	111111
108	111111
108	111111
108	111111
108	111111
108	111111
108	111111
108	111111
108	101111
108	111111
108	111111
108	111111
108	111111
108	111110
108	111111
216	11111111110
216	11111011111
216	11111111111
216	11111111111
216	11111001111
216	11111110111
216	11110111011
216	10111111111
216	11111111101
216	11111111111
216	10110111111
216	11111111110
216	10110111111
216	11111111111
216	11111110111
216	10111111111
216	11110111111
216	11011110111
216	11011111111
216	11111101111
216	11111111111
216	11111101111
216	11110111111
216	11111111111
216	11111111111
216	11111111111
